748539
631295
190384
902745
203841
568293
415826
734601
849205
123459
347189
580674
265738
907561
647382
932580
450681
864297
231587
982146
536784
315620
209845
709154
374860
671302
815490
489275
923650
536781
100983
702615
931062
184263
470926
655782
802471
590831
314758
617295
185629
526478
912845
204561
736051
849176
358472
503928
431285
973602
120684
609231
392170
784250
126835
953641
437915
826509
601372
245708
479536
860743
321657
284107
930516
564092
789634
317802
682531
563284
918347
850712
640981
528764
203156
917864
630249
574096
806135
519468
702846
310479
194738
847512
694203
962537
820351
537910
106325
641579
395820
827041
526803
710649
471962
943758
296514
583926
460723
915384