100983
106325
120684
123459
126835
184263
185629
190384
194738
203156
203841
204561
209845
231587
245708
265738
284107
296514
310479
314758
315620
317802
321657
347189
358472
374860
392170
395820
415826
431285
437915
450681
460723
470926
471962
479536
489275
503928
519468
526478
526803
528764
536781
536784
537910
563284
564092
568293
574096
580674
583926
590831
601372
609231
617295
630249
631295
640981
641579
647382
655782
671302
682531
694203
702615
702846
709154
710649
734601
736051
748539
784250
789634
802471
806135
815490
820351
826509
827041
847512
849176
849205
850712
860743
864297
902745
907561
912845
915384
917864
918347
923650
930516
931062
932580
943758
953641
962537
973602
982146
