01846
04050
06272
00551
06903
09682
07417
08716
03537
07158
06156
01955
00465
01176
09100
05190
06081
00257
02775
07391
01039
03545
01249
02806
02923
06076
08904
02708
08474
00525
04775
07722
00243
08454
05781
08656
08865
06074
00151
04180
05998
03753
09113
08509
09640
01449
07469
03271
04634
00709
09968
05385
05052
05448
00332
07934
01817
08327
08189
04529
09115
05967
01463
04518
02208
03759
04986
02786
06576
01642
06775
08661
04451
09566
07701
02771
09668
07358
05660
09611
09709
02121
03609
03156
02343
00765
08308
06484
09931
00202
01554
01797
06927
04483
09504
02203
05270
03256
02607
04032
09401
07846
02800
05250
03478
05756
05165
07337
00401
08834
03257
05212
07829
01929
00284
00785
02107
09326
06056
03659
00861
04385
02994
01756
02142
02318
05782
07368
09009
05205
06437
06697
09934
01071
06720
03089
01644
09571
07242
02544
03815
00181
08106
05013
00090
01374
00996
06248
08271
05469
07389
02570
04825
03354
06016
08250
08854
06122
01549
05548
07482
09433
09105
00404
02711
00020
03533
07681
02799
08395
06038
06672
00978
02445
03404
03070
00711
02332
08253
02926
04263
05062
04480
06585
04421
07667
06694
09927
00443
07621
07436
02803
02642
09180
01183
09302
03419
01298
05187
07595
04551
00552
08218
00745
07022
08386
02183
07997
02522
03540
04230
04321
00084
01735
08621
04739
02689
08085
04607
03947
04220
02671
06346
09272
04747
00261
03011
09514
02835
05974
07858
03684
00802
02592
01262
09423
01801
06638
01896
02044
08581
07279
02542
03913
07075
06058
05051
07277
05119
00540
03242
06011
09435
06130
02693
08650
04932
09938
09599
03542
05168
06800
03614
05676
04906
06802
06165
07726
04877
02175
00748
04969
02173
05343
01593
07094
00034
04633
05562
08710
01294
09775
01147
01903
01239
09448
02441
05592
03569
07521
09334
00194
08375
05981
04243
03341
03895
07426
05185
08817
09652
05638
06029
04687
03262
09655
01289
00494
02442
00838
08062
08291
03813
09941
05115
09042
03817
04257
04530
02643
01416
05972
03043
06841
01794
00411
01362
02721
06914
05766
06730
00087
07104
08119
01194
04800
03657
08629
05558
03892
01302
07824
04856
05585
05430
03470
01396
04544
08852
02690
03284
04750
08006
09453
06265
08760
06280
07377
01777
02117
00756
01784
04955
08457
06008
03877
08295
01303
03688
00139
06371
06658
07083
08325
09356
09137
01512
04178
01708
01869
02869
05760
06071
05675
03030
04913
00946
08339
09769
01185
05256
05344
09681
06383
05076
05130
00538
05946
01281
08333
02508
09244
07223
02371
07546
02019
01168
04946
05260
08095
07566
02352
03803
08378
03774
02329
03367
06287
03116
03673
06779
07382
06418
01815
00283
09232
06726
06767
03036
06465
05024
05228
03098
00760
08153
09121
00232
07413
01579
01028
03288
02784
00374
07071
02227
09700
07346
08469
04897
04725
06514
07695
09350
08231
06996
08673
08748
03039
05571
02041
06742
05996
05810
07796
00809
01486
04797
08524
00103
01231
00854
04014
08708
01842
04504
04632
08669
05447
08885
04430
04918
09025
04602
08023
06654
02292
02398
04012
02489
05962
03232
03773
03281
07754
07111
02071
05869
07948
00503
09828
01245
04074
07653
07208
09243
08437
08326
02616
07074
07306
03695
06214
06360
05196
03866
01781
05696
04656
07212
06196
02796
04664
06677
00831
04908
02344
09699
04819
02910
03337
06462
01108
04066
08908
00310
08010
04914
09314
08021
09249
00685
01759
02250
06805
07950
07655
02985
04857
08608
06475
07038
01920
07832
08360
05586
09290
03986
08837
01659
03594
02922
08282
07354
06271
05864
06786
07764
05401
08072
00513
05000
05040
06173
06532
06311
05179
00832
05898
01179
09225
09580
09077
03911
04957
06642
01740
07669
02076
06255
09940
00478
08709
06329
09540
07013
05006
07298
00348
09335
08780
05807
00304
01720
05662
08498
05068
09720
05901
04515
02876
08296
03855
04494
09715
06422
04516
01204
09397
00192
08679
04997
02765
04332
02663
04435
05965
07665
07198
05019
00788
02861
04582
02340
08408
08121
01068
08905
00416
00764
05336
02056
06014
08959
08536
03610
04655
05789
00158
05943
07782
02083
02825
08060
09395
04427
02965
07448
06928
08410
06260
04093
05519
06755
07638
01845
09434
08927
07844
05909
07340
03825
00609
06115
01724
07187
01476
02773
03266
06676
02645
03347
02577
06326
09362
01699
05032
09116
03969
01277
09833
03091
00587
04224
07888
03463
04831
02240
02623
04490
09404
02455
02547
06710
08952
07717
09539
06788
07433
01967
06541
03680
04681
08041
04405
01459
02556
03405
05259
00948
03412
04267
07447
03607
09075
09950
00677
00586
04290
02492
06693
06667
03740
07614
09922
07631
08140
09643
06760
03292
01497
08166
00068
00301
09932
02789
09403
00752
03868
08134
06098
01578
06358
07181
09827
08317
05692
02281
00091
09914
07958
04517
01295
00292
00268
06629
01410
04491
04184
08878
04195
07821
06293
02257
02077
01765
08775
08016
04120
04299
09400
00806
06831
04452
08511
05902
06048
08916
08587
04182
05272
04371
05399
00059
00931
01037
03897
04546
05821
03306
00169
04625
06247
00180
02339
00326
03071
06762
04734
07365
07311
04732
01870
07961
05670
04164
01851
06251
03068
08833
01452
02842
03401
05325
03957
09601
09920
03722
03714
03829
03549
07363
02995
04284
09741
08941
04269
06118
00340
05224
05288
08753
07588
05743
06060
09793
06933
03590
01706
09660
04001
02370
01887
03950
00646
08135
06457
02496
01346
04422
04059
06949
02984
03977
06455
05707
04644
07373
03486
03061
04450
01507
01429
05299
04468
03691
09250
03255
06226
00016
08157
06924
06729
07675
04851
09191
06397
04920
01807
01200
09805
08644
09145
05938
09452
08182
03716
07935
04953
08053
07575
03808
02423
06018
02826
08831
08356
01864
02277
08024
05320
01897
00464
02617
01898
01952
04539
07108
02757
02053
09203
08456
04533
07882
00019
01122
06920
01241
01799
01188
07822
00979
03372
01872
04165
09053
06525
06121
05389
02324
03492
06468
04008
02419
05282
06950
00958
06824
02928
05027
00077
09402
08314
02559
02361
04125
07563
01438
05796
00105
08531
09226
03207
00122
06191
08148
05761
00608
01427
08035
00980
05253
00993
07488
04748
02200
01167
09073
06495
07541
02389
05015
04241
09157
09641
09574
03042
00644
01391
04496
08819
07418
01461
07982
03641
03983
00266
01159
00278
03100
02436
01730
01874
00238
01453
06072
05509
08214
07325
04420
00206
06129
05091
03711
03867
05293
03998
00294
07476
04352
04248
07778
03720
01055
04432
00142
06663
09679
09399
06770
05314
03453
08059
06105
00968
07625
00064
07221
02958
02461
06558
09289
08290
01626
07211
04335
01905
04919
02611
04606
04428
09332
05153
08721
08462
06761
09084
07879
04039
03906
00164
08646
03965
08017
05331
06163
00445
09954
04855
08178
06683
06549
03197
08043
04922
09204
06721
07265
00107
05366
09586
01985
02572
08380
01758
05058
02552
08046
09960
02700
08583
02144
04203
07815
02566
08714
08668
04864
08322
02867
07327
04442
06600
09365
05547
08478
04794
02140
05137
09381
02657
04057
02739
00406
07276
00865
07704
09061
07237
07297
06147
04671
06883
03031
02967
00605
07335
05353
03224
08154
05163
05664
05365
01417
00621
09983
03882
03918
00360
05809
03004
02448
01489
08422
09346
06732
06322
06474
02476
06327
05086
04509
02715
09004
08169
05580
02567
00658
04874
06616
08011
05194
09370
09281
07641
04415
02760
02146
02778
05625
08647
05425
02305
04233
01751
06440
01466
08220
00367
05096
05275
09446
07930
08848
08982
05505
05216
05814
04626
02780
04441
02512
04327
08147
07915
04647
06681
01628
04310
06046
01195
00582
02093
00735
03706
07657
08026
00655
05627
07285
01473
09031
07205
06414
03363
02169
05626
08439
08917
01092
01803
04055
06370
02465
08048
09449
03088
00199
04287
07052
02829
04648
04627
00520
09309
07664
02546
05159
06356
04401
07606
03430
03417
06262
08824
05868
06089
08273
05237
07142
05871
09883
08443
02459
07789
08632
03959
00394
00964
08808
03049
08174
09422
00657
08960
03289
09837
01174
07457
08227
03056
06546
05157
04789
03085
09312
03765
05162
00078
00763
04296
07401
01297
03530
01830
06303
03190
01430
06281
04295
07890
05920
00450
00224
07914
04204
03014
06088
01696
05947
08563
08692
07884
08676
02805
00453
01254
01813
00902
01910
05843
03583
04727
06773
09092
08186
04773
04961
03126
06253
09725
03823
09839
07503
07847
05533
08619
03701
03690
01053
00008
06382
08965
04168
03047
09751
08902
06355
05900
08292
08353
02675
03926
00048
02345
02959
01913
04482
05200
09856
05426
01715
04614
05462
00082
07051
05665
06978
03237
03664
09587
00026
02914
05416
09966
09965
01959
08782
09989
08588
06826
03240
07007
01252
04148
02043
03104
03440
04649
05567
02722
00638
08402
06142
03681
01940
08385
03704
01117
08334
09267
06374
09631
01766
04759
06584
09857
06103
06863
03814
01540
03844
04370
03786
09617
00419
01914
00071
02405
00481
01882
06999
05088
08793
05396
01645
02581
01348
08197
08407
03737
09647
03025
06139
01088
03602
08209
07060
02947
00633
02890
08251
08663
06445
09343
06610
09606
03899
07745
00891
06743
00570
01325
08555
02596
09246
08926
00567
07133
05406
01339
08639
06994
01145
03578
09988
03678
03034
08842
09470
04938
01977
04095
03656
04829
05421
01078
06977
02149
04523
03015
04101
09820
02982
05601
07775
01393
05740
05239
05826
05177
04107
01543
01207
06301
08672
03179
01900
07165
02113
07729
00744
00666
09800
07236
08427
04041
03394
05377
01818
05602
02860
03768
05932
06796
04808
03930
05923
02355
02302
08418
08510
04083
05858
02022
01581
02000
07676
06583
06537
08361
07180
05688
04585
08792
05527
04958
09620
04949
02268
06692
01883
00359
07609
00186
00380
08027
06659
07740
02705
07084
00509
04719
03487
07593
01954
04190
03652
08229
09809
04555
03210
02269
07244
01125
00742
01921
02549
00776
09030
03819
05392
01719
07979
00442
03902
06178
06848
09066
00162
08730
07472
03777
09390
00013
07986
07515
03553
01582
00479
03051
09521
05493
07823
02968
07963
00631
04935
02827
00619
01365
03528
06591
00823
01746
06197
08726
02798
06553
06675
09167
04378
04543
04122
07209
06372
04678
01510
03646
05050
06002
05897
08044
01335
07698
04673
08810
00919
08930
06627
02273
04686
09301
01635
01010
07893
05318
07118
04802
02971
08894
03566
08696
06477
03729
00613
08543
06832
05443
03719
02497
03896
07626
06543
01879
09808
02025
06062
01400
00207
00874
00686
07818
09600
00575
00184
02852
00165
01832
04524
00944
08350
07548
08346
00140
07408
01424
06179
09879
01337
09563
03133
08051
03949
07056
03342
04893
04329
08000
09037
04129
06544
03072
06747
05982
00113
01467
05511
06513
08636
03300
00470
01038
01850
05233
08643
00539
00108
05025
02018
04787
04162
02170
07939
04366
01380
07603
04746
03157
05980
07867
07152
03329
02613
02321
03820
04104
06790
00287
07862
00801
07946
01115
03040
06500
03182
08546
06361
06295
09802
02402
00912
03550
01312
03345
07911
04166
08691
06350
00863
02973
03939
04503
09605
05618
07263
04697
02695
08200
01172
02836
05753
04866
04404
03077
07196
00971
06003
02912
09651
08651
05738
00627
07490
06233
08336
02957
02661
05844
00182
03258
07195
06867
07703
05683
09648
08319
09871
05274
08305
03389
07654
05672
05820
09645
08310
05410
01607
08432
05095
08757
03105
01975
02390
00878
01971
09283
06631
05229
08328
08020
04821
09523
06910
01242
01825
02694
07749
06960
01693
08118
02214
06185
06551
03968
09495
00731
03888
01937
00018
04217
05937
02411
04996
07053
01372
05081
03103
00566
08363
01915
06953
06270
02591
07342
00558
01603
06209
03800
02875
05654
00431
09351
03462
09543
07494
01493
04350
07324
07597
09429
05485
06669
09663
06988
07157
02285
02740
07682
03890
03110
09229
03963
08090
08872
05262
00953
08572
05546
01677
07076
09762
09201
07578
01919
02108
06587
04547
01305
08158
01152
08626
05918
06763
02446
03176
08241
08812
03682
08237
06935
01885
05823
05296
06894
04311
00156
07321
02646
04042
00864
02413
08413
03021
01534
02234
05673
05075
06312
07557
00017
00329
01247
05481
07004
01232
03612
08884
02816
02437
05661
05351
03993
06618
07831
09074
02535
07380
00963
00875
07836
03573
01627
01197
03869
00546
03864
06424
06648
01189
05830
06171
02260
06188
09050
05925
00728
04690
05102
02840
04272
06560
08948
00648
08405
03012
09722
03178
02202
02716
08529
03703
01282
04587
04853
07168
02949
00124
04445
09438
02034
04003
05560
01012
02864
00429
02196
03473
08495
08591
09736
03685
04993
01504
02524
06471
09698
02589
00572
08362
01349
01322
03816
03802
09481
00807
07793
04768
06536
07347
02148
07795
07880
02874
06534
03443
05904
05402
07550
01332
03290
07922
05454
08582
05340
07848
04723
08230
06083
01574
04396
08642
04599
05042
07186
02687
02379
05674
01987
03799
02734
08829
01478
02537
09187
09318
01558
07842
07147
03617
03613
04145
09425
09451
09380
05611
04337
02139
07849
00829
00894
01471
05862
09041
09348
01392
03852
04489
04597
06862
07542
03132
00116
02298
05382
00396
00435
09160
05535
06136
04646
05979
09951
05952
05657
01285
09248
00687
07973
06640
07905
09555
04333
08247
00906
09426
01687
03738
05572
09006
06483
05400
05715
02334
06696
05711
06207
03208
07642
05078
04363
04330
09511
03787
05776
09554
07608
01244
09918
07873
06625
01477
03644
05528
02362
05663
05151
04608
02235
06391
09701
01912
06571
06120
05498
04501
02665
00098
08988
07582
09752
03332
00368
00486
07721
05461
09501
04235
05521
09963
01118
06839
00606
06636
07489
05987
06937
07898
08918
02325
07792
01631
09277
09654
09635
09149
00491
00265
03730
00335
08680
03447
09982
09961
01906
06433
06028
04574
09616
07049
00888
03642
07923
06040
08364
06853
01191
01652
03003
07124
05550
08590
04990
00190
09845
02089
07551
00661
09575
06434
03632
08909
07587
04903
09479
00710
02186
06886
08071
07892
00734
01432
09795
02382
03797
03340
05094
09496
04386
00599
06189
00239
07531
04173
08777
05328
04844
05417
04244
06402
09164
05409
04575
08033
02141
02843
01007
03303
01261
05390
03099
05624
07902
07913
04629
06161
00738
03518
01227
06407
01675
05545
08998
07518
06187
05671
05957
07234
04046
07330
05650
02986
00647
04464
03966
01810
00835
07947
09315
07748
08603
01479
00594
07845
02774
09811
05917
08836
09664
08045
07549
07579
09855
03649
04586
01567
08797
03509
02210
07516
01986
00226
08773
07031
01320
02795
02187
04108
05732
07390
04616
07706
01283
07533
07853
05797
08337
08937
00616
07820
06351
01953
02470
08436
02674
09513
04237
00405
06091
07708
09697
06218
05849
06481
09947
06362
08800
06452
04133
02525
06341
07887
06157
08877
03752
00492
04022
07122
03665
06519
04554
08264
07724
02249
01945
05540
01315
09135
06905
09327
06842
02278
08488
01237
08268
04316
08653
07189
00956
03386
00347
04109
04816
03827
05373
03726
00571
05700
03184
08526
07504
07251
00187
06010
08188
06825
01848
03953
07293
08104
09629
01873
03285
03435
02408
04103
00171
06944
00377
03297
08791
06893
07366
02289
07243
01555
09245
04419
08316
01907
06750
05166
09471
06687
00843
01557
04805
00862
04535
00452
06023
07353
08323
05891
06878
04209
05667
04613
06099
09460
04553
06411
08262
08246
03758
06278
02213
04827
00877
09604
06031
06241
04409
09556
00440
08592
02449
02883
07019
02543
02185
01491
02123
04172
00942
01739
04390
07048
00992
08297
08999
03854
08467
01015
09623
02550
08331
04236
07025
02194
09264
00250
04706
03150
06242
02731
02844
06193
07520
08077
09165
09742
04972
00966
09068
08504
03403
06873
01458
03244
01899
08347
06717
04965
07718
07011
06948
09098
01425
00212
03322
06679
08776
02688
04223
07444
05763
02323
02137
05746
01704
07041
00381
09842
09790
02431
03381
04017
07328
08196
06063
03446
03137
05121
02029
04436
01378
07225
06047
03616
02326
01573
08772
09594
02313
09212
06542
03728
05847
07978
05713
05721
01074
02400
02049
07809
03672
08052
09850
08766
03648
01575
00636
06039
06748
01160
02153
09155
01894
06754
00334
09516
04902
02317
08142
05825
02560
01395
09218
03731
05048
09396
04830
07491
06009
03423
09926
00417
04118
04167
01843
08299
05934
03395
05030
09306
09174
02517
09295
01808
08168
03259
00128
02529
02422
03628
02918
09377
03679
02237
06432
02629
08969
08406
04826
08249
05184
05357
09515
06290
02896
08961
06387
01324
04898
09972
07577
05312
04202
01993
04080
01936
09101
09231
03086
08913
08979
02254
04044
00357
01974
09952
01000
06450
09047
03804
03606
06981
09274
04348
04193
03121
00562
03107
02412
07423
02002
08005
08354
02582
06231
09759
06331
08890
01824
06166
08256
08224
08931
02599
06020
07139
06342
07219
01948
03046
07977
05803
05832
02679
05940
05497
01664
09892
00840
08549
06133
04923
01501
05494
02790
05687
04026
05176
07035
01629
07610
04576
04112
09122
08423
08700
01670
02042
06966
03323
01611
01743
08922
03033
05801
08942
03561
05727
08367
00058
00914
09905
03265
02621
06037
00662
02892
03850
06116
09382
06520
00969
04600
04309
09154
03228
06332
06230
00623
02115
05859
04680
09781
04785
08868
06289
09285
07440
02099
01716
09428
02282
02092
09103
02644
06647
04049
01077
02983
03995
04610
04795
03705
05973
08662
08832
02600
00505
09081
09119
01790
07770
04006
07058
08275
03127
01420
07364
03272
06895
02934
04822
09987
07454
00892
05335
08527
07981
03291
01498
03273
01065
06017
09533
08162
07021
06868
00197
01389
08675
03739
05785
01518
07466
05290
02468
09389
04704
09693
06223
09055
08266
05517
07130
06527
06733
06947
08598
03921
07817
09985
05431
09321
04769
08735
06376
09613
07312
06154
02062
01175
07453
05596
03932
03112
01973
06210
00010
09541
07484
01960
09763
00672
07226
03474
02359
09181
06819
04054
07529
01580
01831
04772
06444
09411
09592
07937
08171
01862
04105
04728
00767
00682
09872
03425
06811
03213
02877
06569
07000
02188
09945
05292
06080
07405
06771
01931
05380
04033
01622
03745
01442
01676
07179
05641
09890
02184
01588
04612
08205
00338
01046
08260
00254
03875
00984
02838
03831
07271
08311
00848
06511
07427
08744
02040
01727
00502
00407
08798
05420
02410
00951
00761
09975
08540
03005
05573
00910
02472
07216
06522
09193
02871
04815
07998
04360
01169
03057
08409
07975
06570
04140
06897
00933
02767
03223
08201
09944
07260
04302
02963
01638
00881
00398
00252
04389
03942
00907
07709
05658
00643
04473
04675
08099
01726
02027
00804
06998
01162
00153
00820
08846
00300
09687
06882
09200
03203
06065
09159
06807
04047
01193
03019
07386
07128
04454
04090
09278
00191
07535
03946
05241
00093
08022
04924
09237
02039
02768
06713
06689
04771
00166
00518
09787
05352
00143
03267
09317
03465
03358
04930
00325
02608
05487
02147
00900
07985
04281
06430
09347
02172
00663
06656
01480
04992
04027
09392
09107
05848
09576
00006
04531
08522
03601
06911
09199
00461
01076
02275
09528
06338
07291
04231
09296
01788
05802
08116
04945
01890
02229
05544
02150
03991
06956
09015
05591
05837
07258
08580
00423
06963
02244
08414
08559
00358
03676
06983
03693
09308
09168
05619
03709
08616
06299
04563
07746
03962
00585
01787
06263
09712
02014
08145
06221
01802
06067
09549
07976
01941
04500
02004
01565
07788
09120
02069
00198
09183
02216
03183
07863
07411
00548
07532
07786
07696
04556
06206
08101
01180
00054
06169
00420
03471
07267
07596
03971
08277
08768
03832
09705
08281
05800
09731
04091
02225
09012
02931
01213
09364
09441
02597
04191
05555
06026
01228
03396
09063
00094
08579
01656
01657
02356
00527
08195
07110
08442
09259
07395
04484
05877
01350
06864
01019
08684
05038
06930
07459
04521
08806
07160
03167
04029
04254
06685
07067
07202
08155
04806
06803
01082
07931
06929
06053
02425
03422
03501
01051
07393
00065
03924
08114
00560
01112
06195
01632
04731
02360
01431
03927
07323
09372
04340
01280
09358
02625
03251
03978
04347
09094
00702
08512
05786
01450
00467
04345
00279
04218
08464
03587
04444
07320
04246
07114
08929
09561
02308
07620
07700
04307
03245
04466
00581
07359
00600
08428
00350
02327
03037
02373
06381
02558
04439
03812
03274
04189
01492
01144
09394
07388
09867
00315
06976
09150
00039
03793
01367
02996
07643
08971
06325
05451
07103
00868
01218
03834
05243
06844
07009
05575
03805
06461
03308
06413
01035
09889
05208
02939
08055
02363
00371
09665
09018
01040
01591
05813
08508
06695
03925
03767
05221
04666
00353
04699
00097
07204
03698
07468
00876
03388
08633
05955
00314
03727
02564
08764
06673
02128
06486
09873
04453
04741
07994
08919
06633
09626
01352
01143
00850
02710
05118
07088
00022
07123
07544
05720
08257
07779
06049
03009
00704
07591
08172
04349
06494
07424
02166
08705
08568
02655
05685
06870
03625
09747
04380
05561
08288
04657
09255
00438
06315
01519
07870
04885
08973
06606
05482
09478
01605
06052
05313
07070
00185
07801
07183
08867
00565
06345
09035
09436
06368
05247
05936
09108
03907
08267
09639
05520
02228
00285
06900
06913
05503
02764
02287
07050
07732
09955
03915
05271
00175
02656
09086
04672
08911
08594
05268
05501
07017
05014
07077
05386
00004
05367
07090
08284
05248
05905
00260
09011
08634
02776
05342
00715
06991
06961
01904
02045
04978
09719
02531
06480
05845
06634
03826
03125
04446
05538
07318
01536
05432
06955
05276
04416
08191
08558
00135
01064
05933
02309
08449
09344
02192
09487
05524
02126
03620
06493
07159
03431
04179
09353
00753
09022
09870
04726
09298
01031
04479
03874
02347
07292
02788
08914
05608
05988
05652
02499
06854
09457
00909
08783
02935
07188
06810
07644
04365
01544
04933
07594
04894
05195
02833
08211
07305
06703
09297
03519
08815
05464
05969
04620
07387
06079
00000
04009
09526
04497
03450
02311
09864
05213
09021
08278
09024
06764
09939
08627
06359
06292
00409
01858
08997
00654
02342
09783
02580
09060
00227
07213
05948
02336
02960
02375
05303
03249
04781
06828
08496
08207
09328
06847
04667
06598
07357
06054
02013
01576
09644
05876
03135
06581
05846
05227
05577
08963
08609
05854
05240
06734
00893
01304
06470
05559
09488
01141
04005
05468
08968
08127
06952
03359
04761
04568
08159
00220
02514
07247
06254
00787
05784
02012
07148
08125
07689
00003
06737
09228
05046
08254
06328
00629
05889
03798
08320
00706
06198
01368
05371
06096
06784
07057
03069
04987
05192
09777
07992
00695
03551
09780
04720
03633
07920
09646
01397
05569
08562
06628
04028
06429
03362
00626
02133
00330
07477
00899
09029
01982
05565
03904
05609
07760
09518
09798
00044
09530
01069
06823
02853
00455
07825
01738
03980
07774
06064
09958
06722
05152
09409
06215
08223
00136
06888
05991
01643
03202
01698
06117
06565
02357
03751
04545
00994
00298
01811
00819
09090
06964
08463
00211
07396
04259
07835
03391
06939
05265
01712
01153
04078
01234
07767
09562
05036
06279
02024
09485
00015
01533
09670
07361
06385
08067
07252
03481
04884
06488
09910
04842
07951
00970
00612
02103
02164
07341
09186
08857
09498
01881
07414
00789
01586
09847
03577
09721
05737
02162
00913
04339
07487
05742
05827
00031
01594
05127
01435
00974
04336
02804
06467
08137
08129
05741
05749
04492
02640
03385
04007
09557
05056
02604
05899
07406
08379
08151
03838
02627
04035
09900
01272
04801
02328
09038
08967
07519
01775
07636
04838
02116
00920
02573
00272
01093
04067
08301
03505
09450
08943
06668
08001
02594
01839
09464
07369
09408
07322
05499
06420
06138
05322
05645
03794
07143
06243
01136
08235
01377
04963
06490
08403
03171
02668
07470
04948
05034
06652
04579
09414
02505
04414
07727
02293
06106
03195
01930
07462
03754
05457
07971
02691
00205
00130
03630
06333
00849
03109
04604
09930
03529
08987
05273
09536
09638
07129
01513
08855
05930
09473
04153
08863
06566
01661
04840
05045
04756
02443
04376
01030
03491
03712
05954
02288
00276
01934
04985
07220
06653
01099
02354
00055
01762
04566
01059
00161
06756
07115
04710
04417
03378
00683
07901
07599
09738
03301
03459
08057
06061
09386
06986
03143
00569
07683
07662
01946
09552
07688
07933
06392
08518
05968
05885
08087
06454
08177
05971
07352
05251
03008
00732
05391
03675
02681
05581
06050
06836
07538
08391
03411
05375
05989
08073
02648
09010
08765
09702
08225
04342
08212
07918
01428
00730
01121
07438
03198
04320
05489
00887
00901
00454
08771
05124
09254
06102
08613
05691
04021
01008
03535
06997
05867
09236
09748
03818
01563
01785
08618
00221
03338
09632
04045
01190
05379
05553
04034
09126
06769
05916
06660
00758
06176
06724
05551
08387
05317
04222
08575
08014
05614
06181
03960
00833
00703
04099
07720
08143
02603
07572
09257
07560
01149
04271
03861
05232
00783
01548
01630
03967
04526
06602
05103
01419
02190
05818
04684
06552
02387
04540
09875
06706
02507
08622
04498
06592
05716
05261
01090
01653
00697
04665
04351
07656
04447
05278
07461
02493
02943
03781
07135
05172
07399
06590
09688
05472
05529
03788
07441
03581
08827
06901
00676
07511
04015
01564
05170
00975
09764
09499
05337
09527
01437
05582
07900
03898
00376
09437
05433
05304
08293
00557
00822
00983
04845
04869
08479
01522
03204
02887
01796
08620
09891
08374
07102
05629
04395
04100
05649
01742
06177
05244
05878
02199
00437
00422
06820
06439
08823
08180
09480
07719
08298
09169
06034
01771
03189
08400
05374
06352
09130
04591
04502
02814
06073
06019
09393
09158
00967
04571
09794
06712
07230
04214
03334
03717
04849
00705
05840
06793
06234
07907
04206
06259
00499
09826
03987
08564
05726
06719
06335
03339
09279
09378
02333
07006
07885
02989
01690
05061
03848
06833
07295
02301
06412
09085
08901
09489
04674
01997
07632
03944
07661
09221
08477
09661
02753
05041
05053
01596
00274
04134
04834
06530
06794
05725
00403
08111
04426
09486
04611
02047
08050
09224
02777
02259
02114
07272
02736
06985
02832
00421
06232
01989
04247
09161
05752
02125
07402
01844
01956
08763
07174
07062
06838
01011
02418
06936
01441
03206
00204
07763
07456
01097
06749
08989
06872
04362
07940
08703
03200
09622
06921
04306
04411
06366
02746
03063
09994
00014
05682
06759
03958
08038
07509
09818
09142
01338
04754
06213
05174
00267
02087
09065
01949
09076
04282
00618
07495
08849
05975
07435
01347
04087
09311
06708
00137
01662
09418
02553
09614
09078
07743
09979
07257
07648
09840
00667
08569
06144
01270
03468
02519
02755
00148
09997
08473
05167
09458
02233
09189
08420
03080
05728
06843
05305
03420
03548
09371
08355
04847
05073
09583
02242
01834
04319
02417
00713
07113
07868
03413
03886
05092
08047
02291
02725
08814
00740
06127
09704
00564
05817
05942
02748
08667
02331
05476
01387
00385
04788
07756
01606
07425
06651
04538
05748
05502
00209
01863
02997
08516
04962
07522
00784
08008
09182
09044
02585
00035
03079
06604
06723
07980
07556
08370
06617
05143
03392
08740
06691
09962
02145
09087
05822
00987
06787
09547
06307
05724
00076
05539
07855
01984
09367
05203
04652
02161
09173
09048
07375
01256
01938
08925
08269
03576
08519
07925
03393
05850
02954
01619
03992
01590
07039
03489
04979
04062
07299
07968
06624
03843
04708
02717
02033
01922
00434
02338
08265
07876
00391
07790
05644
07132
02684
06563
07652
02509
05870
05873
05514
09208
09901
07936
01814
05958
01488
06923
00280
08199
07376
05004
08136
03929
04213
07916
03744
08028
01446
07966
01049
06340
01293
09027
06131
09023
09770
04221
06601
04642
02204
08239
05534
06464
00312
00236
05442
00860
02680
04097
02143
06715
01979
07932
01369
09546
01867
00351
06316
09713
06822
05360
09694
09774
03310
09568
03976
03299
09096
02698
09003
05912
09534
03429
05473
01804
02539
08390
03081
07302
01901
02252
05793
08491
09956
00327
04595
08693
07371
02005
06609
09391
05083
04475
03951
03236
03645
02136
02487
09843
00665
00930
07536
04004
05600
07450
00604
07155
00444
06086
08083
05383
05480
02479
07096
09690
00387
00790
09662
02809
09710
02921
06504
04200
05570
08921
04843
06635
06330
05994
03833
05861
07693
04982
00725
04461
05757
01744
01129
00867
06148
02870
00890
05526
01137
05011
07140
09673
07268
05087
09591
07033
06453
00568
09039
04126
02821
07403
09634
02758
03139
05028
00011
05874
02865
04391
05090
07254
02498
06533
06408
01042
09659
03138
02719
01086
05634
03973
09320
03235
02938
04525
07562
02377
09440
05122
08285
02021
01648
00547
01216
02855
03543
02873
06736
04917
07534
00188
02534
08681
03775
05387
00673
08980
02263
09153
07030
09559
00319
08093
01764
05225
05890
08216
03377
02478
03749
03319
03165
09510
02157
04758
04618
01062
08139
02294
04313
05816
05245
01992
06859
00700
03554
03901
04469
04194
08723
08460
02403
00496
00839
03331
06613
00755
01246
05628
04738
03002
06485
09456
02933
05606
00932
02451
05704
06821
01980
03647
05648
07156
03375
09981
06906
09727
06492
04115
00724
03439
03883
08287
07246
06586
02219
09260
04757
08761
04888
01173
01753
04792
02159
01306
00544
07773
03484
05456
09801
02351
01226
06100
02032
03792
09354
07865
04703
06808
01101
04056
03970
02936
04493
08720
04594
05795
08433
05961
08039
02754
08163
09368
01321
05280
05768
07791
01472
06855
08654
09079
09779
06785
03640
08535
00925
06758
05881
04123
00051
05951
01924
07602
05191
02037
03180
06436
05762
05428
09338
08341
08424
06509
01048
08822
01529
03524
07385
00425
01061
01709
04707
02930
00530
05474
00235
06589
00214
06119
05853
06211
08682
00037
02297
05188
06705
00533
00825
01119
06789
01091
05330
05530
08138
03201
05164
00577
03674
03562
03948
05372
06104
00508
00679
08694
07731
08255
02274
06347
08605
06125
07622
03215
08645
02888
08734
04038
05928
09325
00988
01679
09427
08597
03054
02735
04253
03250
09303
05291
06245
05895
08957
07015
00309
09206
07668
07585
08951
07545
08126
02220
01506
03769
02195
09500
06954
08202
03280
03663
00150
08425
09854
07995
01327
07072
01089
00915
01029
01075
04905
06149
01750
07618
04111
00584
00060
05140
02677
07797
08228
03239
04988
06846
09630
05136
02447
04331
08724
03515
09999
08345
01944
02676
07061
00104
05368
07166
02469
00320
05896
09170
02151
03699
02726
01182
07029
05595
07805
01723
00759
09359
07163
09432
03196
07680
04152
06630
00659
08012
03742
09716
01614
03914
09219
02236
08517
04798
05097
01668
02378
06266
04219
09207
05865
05939
08986
01583
02457
01728
03510
03783
05111
05960
01546
07235
04581
00573
03283
03140
05470
01508
07514
08966
03488
07604
02820
09222
00615
07256
09996
02701
04010
06507
05202
01559
05525
05175
09978
07728
07496
07419
05309
02667
09923
08480
00684
09597
08875
06990
07692
00866
03409
00126
05678
04638
01965
08975
09684
06092
02885
05496
04156
00727
02440
08384
09253
02427
03851
02851
09097
09821
08435
04412
06738
06463
00365
00712
04824
04382
08795
06469
02230
02692
01292
05703
03526
05963
03241
07612
06390
07500
05788
05717
04077
05950
01142
09819
04040
07240
04174
08258
01215
05181
02823
05910
08181
04724
00549
09624
04130
04745
08614
04863
05347
09445
07826
08056
09442
00904
08149
02785
08532
09331
05747
04782
01681
02602
05739
07273
01995
03476
08962
08215
05452
05301
07762
04303
08702
07446
05066
03106
08451
04637
05563
07673
06077
00331
00111
04536
07080
04084
01224
04229
08490
05350
00386
06725
01201
03841
00624
02064
00991
05294
02471
02119
06567
07758
06880
05139
05465
06816
01330
01998
01331
00990
00870
03574
02016
04384
05018
05156
02948
07784
05964
02397
00941
06818
09903
00879
08747
09419
09265
04251
07540
00157
02477
00193
00588
05435
08252
03366
03495
01164
05173
08486
08128
09913
07338
01865
08866
00617
04721
08955
01692
07904
01021
02055
05767
05407
06707
02932
07558
05995
00036
08368
09815
04476
05712
07005
08584
01792
07864
09374
00541
02579
04228
05542
03205
07772
03472
04151
01363
08784
06043
05434
03755
00129
06015
04692
01025
07428
06175
09095
06608
00241
03916
09884
09059
01819
05857
08219
07410
02878
02191
03997
06208
04136
03876
09139
04407
03287
02554
08547
03169
04463
01505
08117
04455
01022
05060
07003
00096
02523
09083
08539
01516
08122
01634
02503
06078
00349
00485
08677
04764
05543
00168
02315
09517
08064
09897
03789
09316
00519
00213
03309
05791
06577
03497
07149
08974
07200
07564
06661
01148
03564
02666
02238
04512
03546
09211
04755
06068
00400
08091
00720
04367
03521
07634
07014
01375
00462
02568
03437
01094
02951
05116
04161
04776
01988
01600
00482
04928
00056
02082
04875
03305
05044
06378
04876
00172
08602
07154
02207
09746
06296
07253
03952
01610
03881
03118
00799
04879
00075
08577
02414
00203
06655
00628
06224
08873
06782
05977
00515
05516
04760
00433
07530
09895
01650
08160
07559
06498
01800
04601
01667
06982
09714
01340
01150
00998
07222
04983
05552
06183
02991
00067
07771
08078
04940
04828
02130
02160
07679
04956
04258
09162
07611
05842
09026
02714
05616
05860
04283
09102
08906
03349
08888
09675
06201
03451
08481
05630
07508
08869
08789
04117
02866
06817
06531
09106
09899
03097
09383
08324
02481
08649
06404
00456
04379
00102
06101
06559
04598
03974
07442
02319
00253
06004
01805
02248
00219
08923
09730
03336
03697
05926
01911
05378
03660
00395
02118
07214
08365
07903
03174
04702
00263
05729
02474
05222
02940
00524
05080
08557
03687
00749
04016
03588
03579
00354
07996
02131
05779
01947
09657
08025
07085
06090
03658
08538
04170
02526
08194
07755
04793
07584
06000
00718
02894
09482
06069
01994
06644
01269
06505
04915
03785
03721
00410
08615
01964
09607
09838
05507
03307
00493
06871
08802
04328
06599
03448
01057
05071
06639
01364
09753
02490
03795
08506
06394
06256
08611
01768
01752
07912
08850
07635
06517
02891
08412
07201
00001
04976
04341
07146
08110
00726
02634
04911
09771
08434
00459
04564
02110
01107
07659
04192
00123
06318
05669
08289
08992
08870
04308
07837
07734
04270
00286
00816
05327
00529
08755
06487
02394
04991
01587
00773
05341
02807
07161
02605
03111
07967
08754
01769
07184
05012
03055
07710
02306
03427
00898
07350
06704
04139
05694
06829
01496
08429
07954
01345
01114
02562
01760
09733
06042
04285
01206
05764
01140
03233
05031
09509
03872
09049
02154
05384
04288
01210
04552
01962
02831
08037
09342
06323
09677
06398
05107
08864
03264
03209
09612
05587
06702
07182
09072
06548
02239
07002
07505
00950
09761
04149
09740
04939
08713
01547
03503
05478
03364
02837
00163
04668
03522
07239
02703
00537
09745
09082
04653
07629
00414
09261
07750
03082
01682
00818
04323
08065
09784
04766
01646
05106
05419
03846
01106
03732
00884
00120
03791
08785
07866
03500
03863
03979
03734
09696
04661
06674
05134
09906
08525
04275
00834
04895
03912
01054
05023
00782
04177
03571
06974
03943
00939
02551
04210
03434
08743
05828
01026
00047
00322
03142
02020
05009
03380
03102
08240
04650
00099
02167
05463
07753
00593
07266
04669
08040
06578
01841
03811
07730
03556
02696
08811
00201
00308
01943
02138
08706
01132
00480
02197
03187
06310
06962
07586
00095
03059
04814
03938
08459
01409
03746
07218
06162
07141
03460
04980
00815
04249
00240
09300
03122
08825
01542
06001
03511
09992
07624
01072
01877
01146
01812
06024
03371
09852
00691
03485
00927
07580
01319
06835
00817
08994
04030
09124
03216
00451
02063
07807
01597
01705
01886
06379
01371
01451
07757
00080
09830
03572
01729
00721
04135
03507
02348
05794
01212
06012
08600
06837
05408
03038
08382
07042
05297
04584
03192
08502
00222
09537
09799
05773
07167
01447
00926
09572
00477
03807
02791
03148
05285
07173
07280
06443
01456
02480
09949
06428
01592
03534
00995
09512
02606
01602
00579
00032
00500
08446
08725
08813
03859
04804
02783
07068
03144
06521
01002
04532
09319
00473
07712
05186
06780
05135
03736
00231
08912
08601
02218
09885
09099
04717
06174
03327
00943
04063
05730
06523
05831
09729
00408
00430
05403
05467
04171
00766
00244
03320
06128
07926
09238
02976
08882
07046
05484
02747
02513
09812
09057
02262
02630
01731
00656
07097
00328
03879
09937
04534
04959
04977
00857
03278
08624
07777
01271
01570
01871
01737
05745
00154
00293
08686
00264
03333
05990
06620
09373
07284
06027
00215
08737
04301
03436
09717
03211
05919
00177
07984
00149
02367
06273
05771
05308
07840
07177
00426
06238
04593
06690
06946
06698
03163
05117
03707
03780
09542
02651
01290
07891
05057
01624
05161
01485
08468
02927
05446
09915
07400
07054
09192
02824
05033
09551
03101
05892
00323
09834
03837
06021
02815
05220
01935
08683
05806
01343
00383
09215
06885
07969
08366
01060
08431
03065
06288
02763
00896
04999
06783
01691
02388
02177
02902
01353
07233
03365
00311
07896
02990
08972
06535
03618
02453
00073
09636
04695
02272
02209
08790
02744
05085
04817
01415
01553
06943
05444
05277
03407
08820
02155
05204
01081
06524
09921
07999
07843
09737
04562
07422
08553
00281
07192
09420
04643
08489
05214
08081
07098
04069
04617
06202
05966
07615
06013
07637
04334
06860
01853
05819
05770
07150
08786
00132
09782
08880
09749
03328
04852
01617
06496
01151
00620
02510
06554
08170
06337
06971
00179
08935
05492
04212
06745
08393
09304
09603
08302
08879
00873
03935
04304
00066
02241
05722
08779
07512
07081
00929
04207
04952
07660
02081
03469
00346
01550
00846
04155
08243
09579
08690
06250
04440
02974
03369
02438
04909
06594
09553
06134
08977
07685
05855
00855
03376
00674
02704
06718
08352
09463
06459
08697
08983
05495
08161
06942
04709
06442
04000
04060
00810
01572
02952
08899
06268
06401
01217
02112
03083
00399
01786
02059
07539
08545
06945
05429
00384
01003
09778
07859
00716
00418
04791
01763
00081
06752
03006
01134
01414
02584
02429
07633
01157
08066
02060
08631
04353
01884
00472
07073
09052
09247
03555
09824
01006
09323
04369
06137
06285
08276
02925
00786
00289
04645
02792
06216
08376
08552
08886
05414
05411
06472
03784
07283
01978
01958
04119
09896
06145
02527
03370
05852
09560
04823
09744
03669
02054
09865
07747
07064
02905
05765
07630
08438
08089
06876
04700
02728
00049
04583
00642
04770
09307
09292
03747
03560
06650
06827
06275
04196
03639
02849
02601
03222
00954
05477
01422
00112
01571
01710
07528
04588
04506
07952
00664
03452
04810
00007
03442
00780
05790
01354
04570
04185
08272
04225
07261
07398
01942
03668
00196
04663
01714
08280
01560
00574
09089
03858
00144
06664
02980
01230
03335
08369
06603
06151
09284
06237
03523
03225
01774
04052
03128
04880
02772
02372
00689
06580
05210
06380
06621
03181
07851
05613
01798
06427
05105
07813
09706
00739
09691
03725
06367
05607
01847
06852
00271
08666
00306
02270
06938
08499
07117
04811
01154
09589
07043
09034
09593
05714
00827
07810
05841
07741
06809
08938
04651
05109
09642
00592
07799
04399
04293
08515
01050
00474
09444
07016
08458
02850
07314
07045
07742
00754
05388
09718
02801
09995
07736
03093
06830
09970
09919
02541
09991
05101
04712
05684
06611
09454
08751
03884
07513
01017
00303
01214
04199
05839
05615
07027
01165
08949
06529
08213
02484
06614
07715
03667
09535
04589
05594
04053
08034
07886
08500
05907
08640
08313
08270
00109
08183
07274
04763
01717
01749
08447
04256
08036
00830
05783
02300
09028
01326
00352
09767
00100
06417
07065
01311
00733
09676
05169
03186
06688
01139
00063
08501
05568
07089
06225
07781
09506
04942
04024
04102
00781
03567
07972
00957
03170
05005
07581
05774
08144
07987
01263
08843
03445
01464
08794
03000
02742
08245
07877
03052
04276
08635
05620
04255
05488
06203
05144
03840
06984
06958
08674
01296
03191
03600
05310
03001
01545
01436
09387
02664
01793
02450
07929
00580
03296
05008
00446
01585
01502
08856
03589
08964
00333
06051
05718
00155
09459
01509
07875
06887
03565
09846
03637
00645
00545
00607
01991
05242
01202
02094
05123
01655
09151
03441
08701
02868
08187
03595
00344
05099
09013
05453
02267
09466
05149
06228
08164
02251
05985
09054
08574
04742
00337
05211
02762
06561
06792
03314
08193
07144
08573
04079
01359
03894
04950
03344
02941
09398
08394
00448
04937
08112
02135
01599
06451
01722
05921
07776
03457
06593
02720
08279
00561
03989
07486
04835
01434
02633
07349
03449
02036
05332
01525
08630
09674
07086
08476
00427
01711
00775
06438
05283
06972
07287
07735
09008
05780
02706
08175
07806
07852
07379
03766
04215
08105
06904
09178
07248
08838
01333
05490
03538
02176
02766
00432
00233
08294
03622
00088
00680
02266
05978
04784
07105
06497
06186
02733
07197
04590
08985
09340
09686
01823
07601
03809
07262
05359
01344
05621
02919
08722
05128
08839
05605
06153
01181
00510
09602
08283
07974
02057
09376
09678
09863
03424
06478
08063
00883
00375
03351
00372
01470
08342
03060
05230
00393
01855
04278
04891
04477
01957
05003
03961
09735
04510
04966
02101
06528
02132
05209
06662
06623
00960
01511
04841
07465
08648
00578
09849
05659
07938
07044
06751
04778
00514
05029
07345
02964
02416
05632
03636
00746
00800
03597
04142
03120
06965
08061
07567
09000
07275
04541
09007
00723
06540
04381
08470
07329
01314
02286
09256
00045
02023
00307
03246
08728
01457
01640
07286
06515
07493
00813
01689
04558
00895
04361
05834
09957
08372
08818
01318
09948
04458
07589
07344
08638
07639
01356
07106
02088
04457
02458
05069
01433
09596
07191
07499
03096
04359
02085
08707
00999
08803
06267
01487
08185
03115
07598
02365
00388
04639
09266
09936
00305
00602
04886
02182
02109
02066
08173
03889
09524
07833
06159
07378
05037
04676
09109
02859
02737
05735
08115
07416
06711
01671
01538
09483
02845
09258
06892
00379
04343
08133
05263
09133
01412
02212
05361
08745
08208
03416
05893
00880
00341
09980
07374
01561
03514
06164
03415
08076
05324
07857
06568
09020
07193
06526
01649
01827
08946
06622
05114
08084
08304
01686
09739
05686
00460
08958
04662
04973
04693
09230
04137
06158
02945
08485
03801
05949
09683
02201
05851
03531
09233
09898
01161
09492
01310
03269
04861
08835
02426
04262
09014
01357
04870
04839
01454
06547
08206
00441
00259
02358
02614
08617
04713
02017
04528
05266
05929
07420
09056
08625
03806
04796
00918
04774
07109
00490
00692
09658
08003
05189
05100
05705
05515
04896
04205
07245
09776
01334
01950
00757
03536
07449
01660
06168
06735
06309
09758
00762
08759
08075
02383
08984
07458
07087
06421
00228
07001
07445
08628
09973
06671
06410
02134
07290
03651
08487
03226
09176
08074
08263
05815
07861
04279
04960
01878
02097
04261
07232
07309
01102
05287
07288
01859
05531
02955
07300
02086
08015
05180
08862
03399
03835
01036
06757
09814
02276
06022
03506
01539
07650
05427
00856
01382
09723
04580
09379
09413
08530
01402
06797
02819
07949
05983
03653
00469
01265
07628
09141
01673
00889
01680
06501
06940
01020
07249
01970
06095
08920
00115
09708
02993
00397
02761
00675
00282
02304
01220
02079
01688
03689
08309
09417
03312
03619
05736
06502
01058
03708
03599
02884
04141
08471
01259
04749
07600
08445
09831
02353
06336
04312
07092
08344
08377
07671
08113
07765
06212
02561
08054
07828
03467
02942
08641
07751
01273
08695
09829
05267
09813
00555
04089
00947
05475
03384
01499
00722
08736
08130
02105
02314
05879
06124
01584
08752
09197
05733
06286
09984
08455
08828
01568
05155
03824
05699
04995
06866
00982
00601
09707
02802
04984
05956
07332
03696
06066
05439
08307
02070
00554
04227
06482
05944
01615
04934
09111
02811
01253
07744
00152
02205
03760
04449
05413
04239
04289
07590
05445
00771
05246
09907
05074
00501
01741
03219
09447
03361
07993
04096
02515
09005
03044
03605
02624
03627
03662
05913
09789
02571
01426
03748
01530
06302
04131
09117
00597
06479
04722
00698
00553
08131
00234
05160
06109
09263
07308
07126
08840
03194
06995
04023
08383
05471
03418
02686
05643
05554
06716
09129
03919
09474
00610
09503
02030
00937
02563
04790
08217
03348
01700
01278
02430
00559
02385
06595
08570
09888
04158
01275
01621
06865
06297
07250
07924
04413
00814
07830
02038
07008
07055
08845
01828
06992
07397
08300
02863
05656
05681
03865
03360
07543
04071
03027
00940
02812
01836
04114
01604
04433
09286
05637
04783
04658
04326
03724
08416
03985
00390
01044
04514
03715
04408
09976
03626
05110
08953
03621
05617
05376
06612
05941
00183
04947
09493
02962
07523
06670
00242
01379
05307
04557
03318
01856
00639
02909
00317
00025
03261
05329
02882
03302
04051
01166
06645
03828
00928
08453
04252
04740
08774
09667
05405
02654
09337
04344
09588
08198
02635
00945
07889
03860
01404
00793
09825
07463
01665
08497
02454
02466
01761
07407
06915
07304
07431
07510
01186
02506
04406
01155
09185
09490
06959
07131
09202
00173
05911
05697
08088
01444
04561
07690
02369
08329
06244
03756
07526
06989
06466
03520
05576
08554
09242
05284
08571
09465
00536
08494
06406
01747
05491
06348
01866
00858
04882
02462
05719
00598
07269
08976
01418
00936
09531
08541
08348
01399
05183
07024
07313
09235
01274
08787
03268
08881
08685
03845
01223
07957
09273
02464
03050
02631
07151
09724
05549
08939
03650
09125
01313
01381
00743
09412
02636
00246
07568
09538
08392
03158
08483
08991
00475
00027
08801
01816
07739
03304
04025
02035
06033
03558
02730
05281
00229
02127
09786
03830
01755
02316
03275
04459
04456
02650
08411
09194
02258
06357
02026
07658
03847
07990
07616
07711
04943
04250
07348
02828
08222
02548
09355
03900
06388
04929
02106
02435
00160
04465
04860
03654
09088
02702
04325
01521
04116
08729
06269
00622
05984
07331
06182
06987
00523
05829
03252
06891
00318
04294
04268
05054
06744
01608
08950
04398
09822
00512
01669
06812
07607
09656
09019
04941
00506
05500
02528
06389
04478
03615
02881
01776
09908
09861
01067
00516
09728
02889
04013
03016
03402
08404
00062
07839
02050
04181
04520
02100
09415
08893
09967
09146
05541
03154
04569
04092
06967
02296
02953
02598
03494
06227
06925
01618
03563
00041
05886
03230
04677
04211
00316
01013
09431
07897
07473
03849
02950
05193
08769
00210
08665
04696
09666
03229
04495
01909
08871
04537
07878
00583
01779
07127
07856
07289
02787
09680
05199
05536
07339
07392
06700
06968
02518
07125
07834
01791
05508
09911
05235
03475
03493
01300
07941
09584
05689
02658
04488
01683
07310
04072
01625
09882
00466
04559
07812
06282
04043
05249
09166
07452
05364
07175
05710
04698
09214
04242
00897
01837
09148
01520
02193
08796
05231
06579
04621
02320
04183
09361
01257
08102
07112
07020
06686
02243
02619
05440
04751
00117
06126
04048
03981
07714
07838
09685
07171
08606
00844
06646
06308
01852
05872
02743
02618
06409
09406
01469
09942
01999
04124
05311
06313
02253
01654
09140
07524
08343
02672
03007
09455
04292
09917
06834
07561
06082
03311
04486
02660
07355
06899
05333
08915
02557
06975
06909
08167
03379
01184
09649
05811
02533
01120
09175
05953
02858
07107
03790
02956
04317
04147
01566
07960
07869
02483
01616
00089
09757
00688
02810
06665
04718
06795
07989
00774
04550
04628
02647
03479
02917
05355
04858
09363
08595
01658
07381
00024
08566
07883
06324
06160
01443
07569
09330
01833
07502
09969
03421
09569
03123
09339
08741
06441
00378
00392
09329
00921
04394
01301
01328
08883
06518
02794
09071
06799
02781
08417
08897
04951
07910
02615
01860
02511
03028
04265
08604
03920
07228
01702
04176
07565
04094
07768
08009
06845
00052
05404
03544
04890
09127
09477
08807
03498
03374
00853
00363
06512
03387
07881
09912
05254
03041
04438
03094
09508
01087
08013
02678
08349
01445
05286
04144
04472
02391
06180
04197
08303
08371
04068
04871
08733
09924
01857
08758
02610
06574
02745
04752
07573
00336
03357
09619
09360
09443
06274
00949
07554
00038
09184
07394
03166
00141
09270
02312
00369
05680
09144
08719
04640
05523
07026
05677
08565
02015
09288
05412
01100
07079
04387
05104
08507
03982
06680
00959
07362
01773
08715
08576
02456
01721
01697
00295
00086
00361
09001
03661
08861
04260
03295
05731
08396
00457
05065
01095
09548
05306
04372
02381
00023
05441
07199
06572
05769
07264
01701
00504
08461
01251
00402
00852
04730
00535
01222
04425
01795
03130
00885
03776
07684
01034
03743
05583
03504
02893
04567
02120
00770
07895
08357
07605
06508
05866
05236
07592
03029
09791
09525
01221
06108
09275
00131
09345
05666
08152
01868
01821
05557
06114
01893
09858
05698
01840
07617
01465
08108
01718
07421
03355
05264
07480
04799
03972
05338
06344
09726
07238
07336
07955
02770
05238
01888
08019
00447
04859
00248
06423
05141
07333
04605
07780
07121
03350
02061
04850
07965
02900
02031
00803
05255
06393
09384
03168
09369
09213
08069
01033
06155
00255
03464
05513
01969
05198
07492
02393
00362
09310
04121
04907
04659
06605
02979
02565
02001
08232
00101
08732
03580
07583
02380
03490
01211
05566
08150
00147
00808
03603
07227
03586
09357
02421
09502
00415
09695
05131
05808
04266
00356
02485
06425
02102
07874
02822
08513
00028
04373
01113
09590
01733
01288
05647
01820
01041
09196
08860
01678
09177
00769
07663
01390
03022
08655
02433
07451
06550
03161
06317
05883
07716
03735
07798
00167
05370
04160
03990
07527
04729
07555
05207
03513
05148
04660
08018
08335
07860
06283
00302
04143
08561
06709
06369
02171
00070
01264
09974
00632
00938
05924
08004
02206
04867
06765
00965
08426
02096
09110
07498
08944
01523
06041
00290
02215
01079
06314
02626
09223
00797
01490
03994
00074
04926
07677
08898
07649
07645
06649
04682
01267
02444
07647
04322
08286
03502
01601
05362
05215
01895
07694
01408
01633
00277
03428
05812
06856
01917
01268
07506
00498
01260
06399
09216
08351
08398
06377
07705
01360
04234
05824
06884
03286
01187
02530
08749
00634
00012
08688
01589
03325
00872
08098
01647
08080
07078
05510
01535
08070
06085
05098
07908
08816
08678
00170
01526
03408
05300
09859
01927
07138
00200
05437
05459
02834
09152
00651
08826
03315
04274
02460
05564
05458
09953
03671
02906
07945
07415
00973
02415
02290
02124
09621
06489
09040
09104
09209
01484
05798
08727
04443
00603
03996
06220
02364
05668
03326
01413
00382
04873
08718
09430
02189
04872
03313
06375
03461
00750
07270
07356
07737
08109
08528
03821
08419
06405
09293
07303
07241
02163
06204
02178
01047
01951
01001
00747
06777
02500
09672
02587
05640
09565
07733
06192
01104
01875
07326
01043
09033
01891
02992
08338
05218
02158
08448
06059
07917
02937
01394
00670
05945
03147
07116
00223
07871
09268
03623
05436
09669
03277
09299
07811
07217
06626
06957
06889
01109
08358
03643
05079
05792
00370
04832
01156
06426
09064
09407
07552
03026
04883
06431
08996
01342
00955
05302
01128
00053
02048
06510
01734
02211
05706
01514
07909
05708
00079
02916
08993
06035
01503
04777
00042
04110
07479
09743
09832
08767
02908
09132
09324
02632
00495
07991
08637
01014
07942
04887
07164
06113
02929
00751
05709
06596
03017
08717
03172
09136
02752
05059
08756
08853
00489
07759
06319
03936
02575
02080
02067
04631
02255
01916
02467
02299
05146
01203
08858
06264
06545
09241
07962
03346
01963
07674
07137
07956
02009
02699
05016
02729
07430
00002
05522
09439
09252
01778
08007
04624
05759
03032
03114
01098
09943
07927
08440
00389
02231
05483
03010
02622
08907
05289
09385
08389
00976
03822
00611
03406
07172
09788
09388
05257
01703
00040
03444
08210
03321
08204
03298
08274
09491
04630
01562
06875
02395
00145
01908
03964
02006
00630
06132
01725
03073
04418
03231
01358
06246
05363
02576
06110
02609
09577
00590
04169
03238
02078
04577
08739
02612
02386
02669
05775
09519
00121
08100
08132
04836
09964
04374
05217
04916
00364
08903
07666
01483
00497
03136
05039
05002
08465
08788
06449
02751
03683
02911
09468
02494
09946
07169
07497
09868
01481
05908
09313
03878
09755
05623
07640
07547
04037
08514
04901
07687
03175
08097
01235
00247
03035
00517
07899
05512
09262
06931
03873
02322
00696
02977
01876
09750
03353
06093
06907
06416
01972
01411
01336
05393
07481
06778
09352
08781
08809
07707
05150
04232
00092
04910
05142
00119
06419
02682
09909
04970
07206
01880
06916
01208
04018
05345
05072
05598
01517
01500
08397
09475
07012
07307
07467
07437
01981
04670
01809
00373
03282
09904
00811
01772
07686
06446
02165
09567
06070
05772
05077
05506
00106
06458
00796
04082
08340
03368
09305
07315
06657
08537
00778
08244
04431
05836
09046
08542
04967
05754
09002
00262
08945
01085
04474
04208
03131
03761
00550
06741
06252
09925
03343
08560
00871
09322
03909
05145
04527
03276
01084
02880
04925
09269
03757
08450
07229
09282
00258
04383
06814
05223
01131
04113
03718
00270
09032
04679
04691
01233
08523
07455
04736
08032
07570
04485
07119
03217
03934
08548
04423
00805
04216
07919
07032
02970
07207
05120
04786
08533
01537
08321
05603
03084
09294
01133
07409
04603
07036
08534
07623
01613
06908
09017
08330
00439
06597
08261
02975
04803
05321
01637
06879
04434
00216
01835
00251
08415
01552
07145
05201
08586
09507
05578
02966
05315
08924
01474
03160
00413
03477
04437
00847
02068
09062
03410
07699
04881
05518
08103
08505
00543
04291
01849
04548
03134
00678
04226
06349
09051
02817
01639
07970
04511
03151
00366
06190
09016
01355
04733
07944
05147
01052
09522
05026
06753
05959
07047
09462
01495
02335
06641
07429
03591
01299
01284
04609
00245
09615
03782
06343
06798
08844
02181
05154
08746
07360
03853
02683
03955
03772
07190
06869
08892
02046
08841
02808
00625
09128
03733
04878
01556
04138
06199
09653
00110
01569
03316
09171
02586
03279
04061
00033
07231
05755
03023
00681
01577
07319
05734
04086
04623
09817
02620
02578
06615
07959
07752
01515
08896
01462
09792
07678
02659
09405
01286
05633
04264
09893
07906
00345
05805
00719
06890
02098
00997
02540
03356
03482
08936
00772
01861
04807
07808
05113
08738
05479
04354
04868
00471
02129
08990
01838
00225
06746
03433
03414
04198
01770
04031
02521
02756
01116
04549
02256
00458
05922
00981
07063
07153
09505
02532
00989
00845
02261
05020
06774
01240
02961
02782
06294
02307
04098
01376
00085
09916
04964
03067
03113
05082
06460
00595
06261
07059
02399
04865
01138
09929
06298
08551
08165
07367
01932
06363
00297
01027
03713
06896
09520
01767
02732
05992
08233
05702
03159
08315
06152
09887
02452
08086
06941
00777
01968
08190
09959
03762
01551
02073
00217
00924
03218
06562
03227
01666
09494
00230
02978
04904
05970
09689
07343
00138
01695
00531
08567
08503
03655
08521
07525
04812
02432
06107
09188
00842
02653
03931
09756
09823
06300
05234
06781
02051
09806
01236
04743
00903
06564
06239
05875
04899
04505
07370
08891
03074
06791
06384
07537
09156
07627
02473
03763
06850
09469
05604
00057
03119
02915
05182
05450
07434
05589
02697
02156
04470
09467
06701
09333
08712
00962
03398
00273
04175
04854
09134
00061
07082
02707
07478
04402
07613
05787
08981
02491
05777
01990
02813
07803
02247
03596
01063
09862
05084
02222
05047
08441
02662
09070
08670
02488
00436
02847
06858
05298
04324
05112
07439
06396
01073
05132
01685
07384
00005
09067
04338
07725
08002
01016
00905
02818
07091
08381
06874
04975
01386
06240
03937
04900
04036
00189
04931
08585
06400
07194
05997
07802
06007
03559
08876
06727
02830
02898
05394
09998
00798
03293
01996
00641
05610
07894
06229
00668
06084
02545
08492
06403
02463
03575
05017
05750
05007
04186
00576
02245
07850
09608
02065
05986
05055
00821
06447
02366
01918
04912
09036
09112
05653
01279
06167
05423
03871
02074
06006
06538
09902
00534
07178
09768
05599
06219
08176
03891
07351
05751
07576
05178
01308
02872
01307
07651
07018
09692
02713
02583
03499
09765
04560
02904
09935
08141
05349
09080
03631
04508
03702
01939
03508
06932
06030
02749
03893
04471
05381
08146
00828
03836
08623
08874
05556
05339
02346
08956
06057
05064
02988
09876
06235
03954
05695
00650
01309
02879
07766
02428
08711
05693
05838
08259
04989
03164
01045
04188
06236
07443
03956
01171
05504
03024
06306
00652
08689
04944
01636
05063
01385
01366
05022
00507
00476
02673
03458
08954
09803
04716
05758
07501
09190
02217
03608
03263
00114
00886
03193
04410
05856
01056
02520
06448
09618
00428
04971
05158
09240
04356
05398
05651
09163
09804
03149
07095
02330
07574
06334
02516
02839
09573
04019
05976
06714
01623
01066
05935
03466
05001
06123
03512
05593
09578
00660
07278
08589
06503
00841
04075
07432
04694
04150
01111
02769
08978
02569
03764
07787
06575
00511
07670
02420
06776
07471
01266
03928
07988
02226
00859
02724
08750
04522
03856
04106
00640
04974
08970
06918
05466
07921
01928
06200
00923
00083
06973
01926
00249
02284
07010
08932
04448
07517
07099
05126
02504
06951
01531
09841
01403
01127
08031
03324
00532
08332
00237
01407
09625
09986
09785
04818
00589
05679
04735
09878
08475
03129
09147
04513
05021
05358
05043
07769
08658
03253
05171
04711
05395
02969
05067
05424
02897
05927
05993
07804
02924
01468
09118
07794
04714
08660
01406
08306
05319
06881
05574
09564
00701
04641
05915
02152
09993
06277
06087
05010
08401
01255
00195
09045
01170
09866
05356
01892
06150
02944
00693
06456
06094
04305
02376
02084
05622
09886
04429
07672
06768
03611
08179
03162
03870
00708
04201
02058
03710
03018
09844
08192
07224
03092
00218
09772
02685
04833
01672
02588
01757
09143
01103
03988
01609
07827
03700
03352
03694
04315
04002
08599
02738
04635
00046
04507
04813
08312
00671
04286
04994
04011
00986
06365
02271
05636
04968
08900
06539
05863
00176
09977
03598
01383
01482
03390
00637
00591
07282
02246
09341
05226
06140
05108
09058
09545
06902
06005
00291
01110
05532
06840
01933
08934
01674
09671
08096
08520
03547
07210
07028
03108
03066
04765
01070
04132
08910
03516
04780
00029
02179
02727
01745
00563
00908
04622
07723
09595
09210
08805
08607
08544
02998
01361
09093
02264
09990
03527
00269
09874
02999
00021
03185
09172
01527
03539
04705
05486
03438
05049
03771
06861
03177
03741
00043
06804
00009
04088
01826
02283
00355
02090
03090
08687
08778
05252
07738
06395
02349
07983
00714
01317
03638
04701
05882
09797
00178
00934
07294
04058
02981
02439
00717
03145
04820
06922
06969
05125
00795
08236
08466
08887
09766
01219
05880
03141
09848
02538
01373
05346
04388
07483
05348
02075
06815
02903
03078
04368
04753
04572
01694
00707
04397
03382
06135
01923
07334
05138
06857
02854
00729
08318
09734
03517
08029
02350
01748
03941
08652
09807
09637
05612
08421
03330
00146
09234
06170
01889
01198
09529
01976
03908
00737
08082
06036
08123
01316
06097
03905
08578
05588
00635
06491
07964
00791
04565
07819
06607
09796
04615
09810
00339
03020
00412
09754
05197
02709
06111
01829
00528
04809
09424
09410
00768
00030
05887
01009
07761
00050
06276
04157
08731
03857
08124
09633
06619
08430
00824
01229
03750
03076
03810
02337
09760
02072
06291
04542
04073
00869
09198
02750
03933
04848
02095
02406
01822
00449
02396
00961
05397
09581
01123
05744
04685
05258
02797
00669
05701
06731
02590
06806
06435
07872
05295
00614
03221
04737
04154
05804
03582
09205
03254
03155
04927
06970
09461
05418
03117
04499
01528
08184
00468
03570
01130
04300
00174
02555
09375
09582
08094
00072
08895
08484
08242
00922
08593
04146
00837
04392
09880
05316
02303
03670
06205
07040
07281
04128
04318
06506
04481
00488
07571
01287
03723
08933
01105
06499
07255
06305
04654
00911
04403
07485
07507
01177
06386
06699
04245
05631
04280
04460
03152
01663
07412
05799
03260
09610
02341
04314
06304
04070
05369
07619
02008
00736
08664
04689
07816
07316
04596
06772
01620
09179
00792
07170
09598
00972
02221
01651
06898
02028
05642
00342
08659
04767
01780
02641
04020
07136
09869
02495
04936
08049
04076
01789
09227
03903
00779
00463
07475
04081
02718
02407
02174
08671
05269
01405
07474
07553
01083
03541
03243
09816
02895
06934
05415
08472
04892
03984
03796
00649
00256
03880
09853
02793
03525
09069
01423
02712
05422
02574
03220
00694
02628
08859
09851
00542
03922
07785
07372
08120
09928
00069
03568
00826
00977
02723
02104
08770
08107
04187
03940
02279
03317
00812
07023
02886
00690
07404
09366
08079
06684
09239
00794
03013
08699
08203
03095
09276
07101
07100
07037
02223
05888
01032
00917
01439
01243
05334
02280
02841
06025
04298
05129
05778
04238
00484
08092
02052
01323
05833
01196
02224
04159
09138
08226
06632
01341
08556
01398
01854
04981
05455
02502
00526
09484
06194
06516
07259
07185
03862
00556
05931
06172
01370
04377
04424
07203
06919
05903
08847
01291
08821
02409
09836
09220
07814
00208
02011
01494
07841
03058
03153
01641
04921
07953
02384
06476
04346
03557
06044
04297
08452
05537
00596
07460
09123
03945
06075
07697
06222
09251
02404
00299
02856
02946
05133
01732
05219
04619
03592
03999
02295
04862
03887
08830
02899
07464
08068
07134
09835
01024
03087
03480
01783
05449
01806
07383
00916
09894
03053
09131
09881
00653
01209
05590
04277
06353
09971
04744
03634
01205
06112
04592
01598
05655
09550
06666
03124
06740
02536
03910
06339
05906
02987
02913
06184
02486
02482
01225
03686
06556
04358
06473
06055
06980
09043
06573
09703
09476
00296
01455
00699
04762
04355
04064
04065
03234
00127
08698
02901
07800
00321
00836
08947
08851
08042
03552
04487
06801
05460
08928
06032
05279
01388
04998
02920
09349
08889
06354
04467
04636
01707
04889
06917
08995
03455
06813
02232
09711
09091
04400
06141
03214
05035
01532
02401
09627
08612
03666
01595
01440
04688
02198
04683
03454
06258
03064
02862
06146
03593
09421
08156
04573
05999
09217
06321
02265
01250
00288
06045
09416
04240
04715
02741
03778
07162
02475
00522
03373
03885
03146
03692
01258
07854
05070
09287
06284
01524
09336
06766
02424
02593
02972
07691
00159
00118
04393
01983
04462
04364
03294
00313
08493
02501
06415
04357
00424
05884
02168
00882
03426
01401
06364
02091
07783
01902
03496
06555
01782
01276
02907
00483
02779
02003
00952
03045
06979
03456
01351
09933
01925
03247
03677
03383
06257
09650
03585
09877
07943
00275
07296
03248
08058
02670
03199
01736
04779
02434
02111
07120
08248
03635
02848
03075
03270
00343
01135
05438
03400
08704
07317
02638
01754
06557
00521
05597
01004
05093
07215
03770
07066
01541
09609
00985
04846
01248
02649
05835
03629
08610
09570
00125
03975
01966
08373
02374
05326
08550
01460
00741
02310
04273
07034
03624
06643
03188
05690
01163
02857
06678
08399
09585
03432
07301
03779
08388
02637
00324
01018
08482
01329
08657
01961
08238
01421
09114
02652
03397
05646
00851
00133
05579
08596
07713
01713
09532
01612
04085
08221
05206
00935
05639
02007
06926
01192
04837
01096
04578
05635
02010
07646
01384
06849
07069
04519
06217
08762
01080
02180
02392
02846
03584
08444
01199
06249
09773
03048
09497
02639
03604
01023
01238
02122
08742
06143
08940
03173
09732
06728
02759
06739
05354
06588
04163
04127
03842
03532
05584
05723
02368
03212
06582
07093
09472
02595
09558
00134
03483
08799
06912
08030
07928
06682
05894
09291
05914
08804
06993
03923
08359
09628
01158
03839
08234
03917
06851
09280
05323
01684
09271
07702
01126
09544
04375
07176
01005
06877
00487
01178
05089
01448
06320
04954
09860
01124
01475
06637
09195
03062
06373
